0.0269      33.93       0.5158      0.3245      
0.0269      44.54       0.5152      0.3245      
0.0269      55.15       0.3117      0.3245      
0.0269      65.75       0.3111      0.3245      
0.0269      76.31       0.3014      0.3245      
0.0269      85.04       0.3099      0.3245      
0.0269      95.64       0.5122      0.3245      
0.0269      105.8       0.5116      0.3245      
0.0269      114.9       0.7139      0.3245      
0.0269      124.6       0.7134      0.3245      
0.0269      134.2       0.7128      0.3245      
0.0269      143.4       0.9151      0.3245      
0.0269      152.5       0.9146      0.3245      
0.0269      161.7       1.117       0.3245      
0.0451      56.11       3.355       0.3245      
0.0451      66.72       2.948       0.3245      
0.0451      77.32       2.745       0.3245      
0.0451      87.45       2.744       0.3245      
0.0451      97.57       2.947       0.3245      
0.0451      106.3       3.149       0.3245      
0.0451      116.8       3.351       0.3245      
0.0451      127.        3.756       0.3245      
0.0451      135.2       3.959       0.3245      
0.0451      144.3       4.161       0.3245      
0.0451      153.5       4.566       0.3245      
0.0451      162.2       4.971       0.3245      
0.071       23.33       12.69       0.3245      
0.071       34.42       11.67       0.3245      
0.071       45.99       10.46       0.3245      
0.071       57.56       9.238       0.3245      
0.071       68.16       8.426       0.3245      
0.071       78.77       8.019       0.3245      
0.071       88.89       7.816       0.3245      
0.071       99.5        8.018       0.3245      
0.071       109.6       8.423       0.3245      
0.071       119.3       9.437       0.3245      
0.071       128.4       10.25       0.3245      
0.071       136.6       11.06       0.3245      
0.071       145.8       11.87       0.3245      
0.071       154.        12.88       0.3245      
0.071       162.7       13.49       0.3245      
0.0966      47.44       17.96       0.3245      
0.0966      58.53       15.73       0.3245      
0.0966      69.61       14.11       0.3245      
0.0966      79.25       13.29       0.3245      
0.0966      90.34       13.09       0.3245      
0.0966      100.9       13.7        0.3245      
0.0966      110.6       14.71       0.3245      
0.0966      119.8       16.54       0.3245      
0.0966      128.9       18.36       0.3245      
0.0966      138.        20.42       0.3245      
0.0966      146.3       22.22       0.3245      
0.0966      154.9       24.04       0.3245      
0.0966      162.7       25.06       0.3245      
0.122       24.3        31.35       0.3245      
0.122       36.35       28.31       0.3245      
0.122       47.92       24.25       0.3245      
0.122       58.53       21.41       0.3245      
0.122       70.1        18.98       0.3245      
0.122       81.67       17.55       0.3245      
0.122       91.31       17.35       0.3245      
0.122       102.4       17.96       0.3245      
0.122       112.        19.99       0.3245      
0.122       121.7       22.22       0.3245      
0.122       130.4       25.26       0.3245      
0.122       139.5       28.1        0.3245      
0.122       147.7       31.35       0.3245      
0.122       155.9       33.58       0.3245      
0.122       163.6       35.         0.3245      
0.1475      48.89       29.73       0.3245      
0.1475      60.46       25.26       0.3245      
0.1475      71.54       22.22       0.3245      
0.1475      83.11       20.6        0.3245      
0.1475      92.75       20.39       0.3245      
0.1475      103.4       22.02       0.3245      
0.1475      112.5       24.45       0.3245      
0.1475      122.7       27.9        0.3245      
0.1475      131.3       31.55       0.3245      
0.1475      140.        35.81       0.3245      
0.1475      148.7       39.87       0.3245      
0.1475      155.9       42.1        0.3245      
0.1475      163.6       45.34       0.3245      
0.194       50.34       36.63       0.3245      
0.194       61.9        30.74       0.3245      
0.194       73.47       26.89       0.3245      
0.194       83.6        25.06       0.3245      
0.194       94.68       24.86       0.3245      
0.194       115.9       31.15       0.3245      
0.194       125.1       35.4        0.3245      
0.194       141.9       46.76       0.3245      
0.194       150.1       52.65       0.3245      
0.194       165.1       59.95       0.3245      
0.2485      25.76       64.42       0.3245      
0.2485      38.77       54.88       0.3245      
0.2485      50.82       45.35       0.3245      
0.2485      63.35       36.22       0.3245      
0.2485      74.92       31.35       0.3245      
0.2485      86.01       29.32       0.3245      
0.2485      97.58       29.93       0.3245      
0.2485      107.7       33.78       0.3245      
0.2485      126.        44.33       0.3245      
0.2485      135.2       51.84       0.3245      
0.2485      143.9       60.76       0.3245      
0.2485      151.1       69.89       0.3245      
0.2485      158.3       71.51       0.3245      
0.2485      165.6       76.99       0.3245      
0.2985      26.73       74.16       0.3245      
0.2985      39.74       61.99       0.3245      
0.2985      52.27       51.23       0.3245      
0.2985      64.8        41.09       0.3245      
0.2985      76.85       35.81       0.3245      
0.2985      88.42       32.57       0.3245      
0.2985      99.03       34.8        0.3245      
0.2985      109.2       38.85       0.3245      
0.2985      119.3       45.55       0.3245      
0.2985      128.        52.85       0.3245      
0.2985      137.1       61.37       0.3245      
0.2985      144.4       71.51       0.3245      
0.2985      151.6       79.43       0.3245      
0.2985      159.3       84.29       0.3245      
0.2985      165.6       87.13       0.3245      
0.3487      27.21       86.74       0.3245      
0.3487      40.22       69.9        0.3245      
0.3487      52.75       54.28       0.3245      
0.3487      66.73       44.33       0.3245      
0.3487      78.3        38.25       0.3245      
0.3487      89.39       35.41       0.3245      
0.3487      101.        38.85       0.3245      
0.3487      111.6       43.32       0.3245      
0.3487      121.7       52.65       0.3245      
0.3487      130.4       60.97       0.3245      
0.3487      138.1       71.31       0.8115      
0.3487      145.8       83.69       0.8115      
0.3487      152.6       98.09       1.217       
0.3487      159.3       98.29       1.014       
