E(keV)	
26.9
thet_c	54	66	77	86	97	107	116	126	135	144	152	162
dsigma	1.13	1.08	1.03	1.04	1.03	1.04	1.12	1.23	1.25	1.40	1.39	1.44

45.1
thet_c	33	45	56	68	78	88	98	108	118	127	135	144	153	163
dsigma	1.40	1.31	1.19	1.11	1.03	1.01	1.00	1.07	1.13	1.20	1.31	1.39	1.50	1.53

71.0
thet_c	23	36	48	58	69	80	89	100	110	120	128	137	145	155	163
dsigma	1.70	1.53	1.37	1.22	1.11	1.03	1.01	1.02	1.08	1.19	1.30	1.42	1.52	1.64	1.71

96.6
thet_c	48	59	70	81	91	102	111	121	130	138	148	156	162
dsigma	1.41	1.23	1.10	1.03	1.00	1.04	1.12	1.25	1.38	1.53	1.69	1.82	1.89

122.0
thet_c	23	37	49	60	72	82	92	103	112	122	131	140	148	157	163
dsigma	1.85	1.66	1.42	1.26	1.10	1.02	1.01	1.05	1.15	1.28	1.45	1.62	1.80	1.92	2.02

147.5
thet_c	49	62	73	83	94	103	114	123	132	141	148	157	164
dsigma	1.48	1.25	1.10	1.01	1.00	1.07	1.18	1.37	1.54	1.75	1.95	2.05	2.22

194.0
thet_c	50	62	73	86	96	115	124	142	150	165
dsigma	1.49	1.26	1.09	1.00	0.99	1.25	1.41	1.86	2.1	2.38

248.3
thet_c	27	39	52	64	77	88	98	108	118	126	133	143	152	159	167
dsigma	2.22	1.90	1.55	1.24	1.08	0.99	1.01	1.16	1.35	1.52	1.78	2.08	2.38	2.44	2.64

298.5
thet_c	28	40	52	66	78	90	101	111	120	129	137	143	152	160	166
dsigma	2.29	1.95	1.58	1.26	1.07	0.99	1.06	1.17	1.38	1.60	1.87	2.17	2.42	2.58	2.67

348.7
thet_c	27	40	54	67	79	90	100	112	120	130	137	145	154	159	165
dsigma	2.42	1.94	1.51	1.22	1.07	0.98	1.08	1.20	1.46	1.69	1.97	2.33	2.72	2.71	2.90
